Posición	Nombre	Puntos	Media Puntos Relevo	Puntos Relevo	Precio	Media	Partidos	Minutos	Goles	Asistencias	Asistencias sin gol	Balones al área	Despejes	Regates	Tiros a puerta	Balones recuperados	Posesiones perdidas	Tarjetas rojas	Paradas	Tarjetas amarillas


1
DL
 
 
Lamine Yamal

84	
3.57
25
126.393.620 €	12.00	7	623	3	5	7	3	1	20	10	31	129	0	0	1
2
DL
 
 
Lewandowski

81	
3.14
22
102.228.655 €	11.57	7	579	7	2	2	0	3	6	17	17	63	0	0	1
3
DL
 
 
Raphinha

80	
3.14
22
100.069.712 €	11.43	7	630	5	2	6	15	4	11	13	32	129	0	0	1
4
DL
 
 
Mbappe

76	
3.14
22
119.477.768 €	9.50	7	609	5	1	1	1	0	21	19	12	92	0	0	1
5
DL
 
 
Vinícius Jr.

63	
3.00
21
105.977.539 €	7.88	7	563	3	3	3	4	0	18	4	14	114	0	0	3
6
DL
 
 
Rodrygo

61	
3.00
21
74.226.135 €	7.63	7	511	3	1	0	7	1	13	6	14	61	0	0	0
7
MC
 
 
Valverde

57	
2.71
19
84.330.708 €	7.13	7	609	1	1	2	0	11	5	4	49	56	0	0	2
8
DL
 
 
Carlos Vicente

53	
2.86
20
46.414.491 €	7.57	7	529	2	0	2	20	2	8	3	26	90	0	0	0
9
DF
 
 
Militão

53	
2.57
18
59.390.194 €	6.63	7	620	0	1	1	0	21	4	2	34	52	0	0	1
10
DF
 
 
Vivian

51	
2.14
15
40.057.084 €	7.29	7	549	1	0	0	0	39	2	2	46	57	0	0	0
11
MC
 
 
Pedri

51	
2.71
19
75.855.711 €	7.29	7	407	2	1	1	2	2	5	2	31	61	0	0	0
12
DF
 
 
Koundé

50	
2.86
20
58.984.091 €	7.14	7	630	1	1	2	5	15	5	1	29	82	0	0	1
13
PO
 
 
Courtois

50	
2.14
15
60.288.761 €	6.25	7	630	0	0	0	0	6	0	0	59	22	0	11	0
14
MC
 
 
Marcos Llorente

50	
2.83
17
64.974.486 €	8.33	6	450	2	1	2	6	10	3	3	26	49	0	0	0
15
DL
 
 
Iñaki Williams

47	
2.00
14
51.952.131 €	6.71	7	543	1	4	2	3	9	10	3	18	100	0	0	0
16
PO
 
 
Karl Hein

47	
2.29
16
8.929.394 €	6.71	7	630	0	0	0	0	4	0	0	63	67	0	26	0
17
MC
 
 
Sancet

46	
2.00
14
56.819.513 €	6.57	7	497	3	0	0	0	3	5	5	23	68	0	0	1
18
DL
 
 
Aspas

46	
2.67
16
50.998.935 €	7.67	6	467	3	2	2	2	2	4	6	17	68	0	0	1
19
PO
 
 
Remiro

46	
2.29
16
31.518.667 €	5.75	7	630	0	0	0	0	3	0	0	51	66	0	18	0
20
PO
 
 
Mamardashvili

45	
2.00
14
30.952.565 €	6.43	7	630	0	0	0	0	5	0	0	50	59	0	16	0
21
MC
 
 
Samu Costa

44	
2.14
15
14.778.635 €	6.29	7	628	0	1	1	2	24	2	4	37	71	0	0	1
22
MC
 
 
Dani Rodríguez

44	
2.14
15
18.923.645 €	6.29	7	413	2	1	1	11	2	4	3	13	67	0	0	1
23
DL
 
 
Griezmann

44	
3.00
18
81.871.145 €	7.33	6	409	2	2	1	8	3	2	3	9	73	0	0	0
24
MC
 
 
Dani Olmo

44	
3.67
11
91.952.335 €	14.67	3	189	3	0	2	1	0	7	7	13	28	0	0	0
25
MC
 
 
Zubimendi

43	
2.57
18
40.203.792 €	5.38	7	585	1	0	0	0	19	3	3	34	67	0	0	1
26
DF
 
 
Raíllo

43	
1.86
13
25.138.492 €	6.14	7	630	0	0	0	0	36	0	1	25	48	0	0	0
27
DL
 
 
Guruzeta

42	
1.71
12
31.353.028 €	6.00	7	417	2	2	0	0	5	2	4	17	46	0	0	0
28
PO
 
 
David Soria

42	
2.29
16
23.419.605 €	5.25	7	630	0	0	0	0	10	0	0	44	78	0	16	0
29
DL
 
 
Lukébakio

42	
2.00
14
13.894.564 €	5.25	7	483	2	0	1	7	1	14	9	19	81	0	0	1
30
MC
 
 
Moleiro

42	
2.17
13
23.645.649 €	7.00	6	423	2	0	1	1	0	13	9	17	63	0	0	0
31
DF
 
 
Mumin

42	
1.71
12
13.831.687 €	6.00	7	630	1	1	0	0	39	1	1	36	75	0	0	3
32
DF
 
 
Iñigo Martínez

42	
2.14
15
38.716.575 €	6.00	7	621	0	0	0	0	25	0	1	24	48	0	0	0
33
MC
 
 
Moro

42	
2.14
15
16.228.104 €	6.00	7	447	2	0	0	9	2	15	5	21	91	0	0	0
34
DF
 
 
Miguel Gutiérrez

41	
2.29
16
34.417.999 €	5.13	7	540	0	1	3	7	8	6	2	41	80	0	0	0
35
MC
 
 
Rubén García

41	
2.43
17
17.917.548 €	5.86	7	424	1	1	1	9	8	3	3	27	76	0	0	1
36
MC
 
 
Cruz

41	
2.14
15
18.241.194 €	5.86	7	350	2	0	2	7	5	6	5	17	74	0	0	1
37
MC
 
 
De Frutos

41	
1.86
13
12.269.275 €	5.86	7	441	1	1	1	2	4	5	2	32	59	0	0	0
38
DF
 
 
Mojica

41	
2.14
15
31.121.883 €	5.86	7	486	0	0	2	10	15	7	0	38	92	0	0	0
39
PO
 
 
Joan Garcia

41	
2.50
15
12.747.921 €	6.83	6	540	0	0	0	0	5	0	1	65	69	0	27	1
40
DF
 
 
Boyomo

41	
1.57
11
17.972.393 €	5.86	7	630	1	0	0	0	25	3	1	26	53	0	0	0
41
DL
 
 
Sandro

40	
2.17
13
12.677.450 €	6.67	6	357	3	1	2	10	3	3	5	14	47	0	0	1
42
DF
 
 
Pau Cubarsí

40	
2.00
14
49.615.099 €	5.71	7	485	0	1	2	0	15	0	0	15	32	0	0	2
43
DF
 
 
Daley Blind

39	
2.86
20
29.196.232 €	4.88	7	630	0	0	1	2	20	7	1	34	68	0	0	0
44
PO
 
 
Oblak

39	
2.20
11
39.983.737 €	7.80	5	450	0	0	0	0	3	0	0	30	16	0	11	0
45
DL
 
 
Ayoze Pérez

39	
2.33
14
45.471.392 €	6.50	6	338	4	0	2	3	4	5	4	18	33	0	0	2
46
PO
 
 
Gazzaniga

38	
1.57
11
25.868.420 €	4.75	7	630	0	0	0	0	1	1	0	42	33	0	16	1
47
MC
 
 
Milla

38	
2.29
16
16.273.654 €	4.75	7	615	0	1	0	15	5	5	2	33	113	0	0	0
48
DL
 
 
Bryan Gil

38	
2.14
15
29.755.139 €	4.75	7	473	1	0	1	4	1	14	5	23	73	0	0	1
49
PO
 
 
Nyland

38	
2.00
14
15.051.110 €	4.75	7	630	0	0	1	0	5	0	0	53	91	0	21	0
50
DL
 
 
Ejuke

38	
2.14
15
10.586.575 €	4.75	7	318	1	0	1	3	2	18	3	16	69	0	0	0
51
MC
 
 
Pepelu

38	
2.29
16
28.665.548 €	5.43	7	622	0	2	2	10	11	0	1	41	117	0	0	3
52
DF
 
 
Rüdiger

38	
2.14
15
59.153.042 €	4.75	7	546	0	0	0	0	18	2	2	24	40	0	0	0
53
MC
 
 
Samuel Lino

38	
1.83
11
41.242.988 €	6.33	6	385	0	1	3	3	3	5	7	29	54	0	0	1
54
PO
 
 
Sergio Herrera

37	
2.29
16
15.489.212 €	5.29	7	630	0	0	0	0	8	0	0	61	79	0	19	1
55
PO
 
 
Ter Stegen

37	
1.83
11
47.745.805 €	6.17	6	495	0	0	0	0	4	0	0	41	17	0	11	0
56
PO
 
 
Rui Silva

36	
2.00
12
20.323.087 €	5.14	6	540	0	0	0	0	2	0	0	50	41	0	15	1
57
MC
 
 
Marc Roca

36	
2.00
12
10.868.226 €	5.14	6	527	0	1	1	5	8	4	0	37	42	0	0	1
58
MC
 
 
Aimar Oroz

36	
1.57
11
14.255.601 €	5.14	7	534	1	0	0	1	0	4	5	36	49	0	0	0
59
DL
 
 
Sergio Gómez

36	
2.43
17
21.013.113 €	4.50	7	508	0	1	2	13	4	2	3	27	90	0	0	0
60
DF
 
 
Lejeune

36	
1.71
12
14.603.695 €	5.14	7	630	0	1	0	0	27	0	4	20	69	0	0	1
61
DF
 
 
Andrei

36	
2.17
13
1.237.705 €	6.00	6	440	1	1	1	2	9	6	2	26	63	0	0	1
62
MC
 
 
L. Rioja

35	
1.86
13
8.672.382 €	5.00	7	471	1	0	0	7	5	7	3	26	82	0	0	0
63
DT
 
 
Hans-Dieter Flick

35	
0
0
4.976.633 €	5.00	7	0	0	0	0	0	0	0	0	0	0	0	0	0
64
MC
 
 
Darder

35	
1.71
12
18.359.497 €	5.00	7	459	0	0	1	11	4	7	2	23	71	0	0	0
65
DL
 
 
Muriqi

35	
2.00
12
38.634.802 €	5.83	6	469	1	1	1	0	12	3	6	18	67	0	0	0
66
DF
 
 
Carvajal

35	
2.17
13
47.795.045 €	5.00	6	430	1	0	0	1	10	0	1	20	58	0	0	1
67
MC
 
 
Puado

35	
1.33
8
17.374.611 €	5.83	6	512	3	0	1	0	5	1	3	18	50	0	0	1
68
DF
 
 
Giménez

35	
2.17
13
28.258.538 €	5.83	6	360	0	0	0	0	20	0	0	16	23	0	0	0
69
DL
 
 
Abde

34	
2.33
14
9.371.518 €	4.86	6	398	1	0	0	0	0	13	8	19	74	0	0	0
70
DF
 
 
Mingueza

34	
2.33
14
40.399.354 €	5.67	6	410	2	3	4	2	5	4	3	17	93	0	0	1
71
MC
 
 
Cisse

34	
1.86
13
7.686.578 €	4.86	7	464	0	0	0	0	7	7	0	38	56	0	0	0
72
MC
 
 
Abel Bretones

34	
1.71
12
5.581.852 €	4.86	7	509	1	0	0	3	14	5	1	35	87	0	0	1
73
DF
 
 
Valjent

34	
1.43
10
19.691.629 €	4.86	7	521	0	0	0	0	31	0	0	17	36	0	0	1
74
PO
 
 
Juan Soriano

33	
2.00
14
9.153.228 €	4.71	7	540	0	0	0	0	5	0	0	56	84	0	19	1
75
DL
 
 
Sorloth

33	
1.83
11
48.315.416 €	5.50	6	274	1	2	1	1	4	3	5	10	42	0	0	0
76
MC
 
 
Lo Celso

33	
3.33
10
27.262.361 €	11.00	3	197	3	0	2	2	1	6	4	7	47	0	0	1
77
MC
 
 
Yangel Herrera

32	
1.83
11
18.333.207 €	4.57	6	387	0	1	1	3	2	3	0	38	56	0	0	1
78
DF
 
 
Djené

32	
1.29
9
12.420.553 €	4.00	7	604	0	0	0	2	26	2	0	31	60	0	0	2
79
DF
 
 
Alderete

32	
2.50
15
8.738.835 €	4.57	6	540	0	0	1	0	29	1	3	23	92	0	0	1
80
DF
 
 
Tenaglia

32	
1.83
11
7.623.274 €	5.33	6	450	1	1	0	3	14	2	2	19	71	0	0	0
81
DL
 
 
Diego López

32	
1.71
12
18.282.406 €	4.57	7	569	1	1	2	2	0	2	1	24	84	0	0	0
82
MC
 
 
Unai López

32	
1.57
11
6.502.401 €	4.57	7	328	2	0	0	0	4	1	3	37	38	0	0	3
83
MC
 
 
Tchouaméni

32	
2.00
12
36.817.333 €	4.57	6	513	0	0	0	0	8	3	0	41	41	0	0	0
84
PO
 
 
Diego Conde

32	
1.83
11
19.498.104 €	5.33	6	540	0	1	0	0	5	0	0	35	38	0	24	0
85
MC
 
 
Óscar Valentín

31	
1.57
11
7.101.142 €	4.43	7	543	0	0	0	1	12	2	0	39	55	0	0	0
86
PO
 
 
Greif

31	
1.57
11
5.803.149 €	4.43	7	450	0	0	0	0	2	0	0	39	52	0	18	0
87
MC
 
 
Koke

31	
1.83
11
19.979.051 €	5.17	6	453	1	0	1	2	4	2	2	30	58	0	0	2
88
DF
 
 
Jorge Sáenz

31	
1.83
11
2.675.913 €	5.17	6	387	1	0	0	0	28	1	1	18	48	0	0	1
89
MC
 
 
Iván Martín

30	
1.71
12
18.076.308 €	3.75	7	476	1	0	0	0	0	6	1	32	53	0	0	0
90
DF
 
 
Juan Iglesias

30	
1.71
12
3.555.620 €	3.75	7	630	0	0	1	5	27	5	0	37	142	0	0	1
91
MC
 
 
Blanco

30	
1.57
11
11.862.401 €	4.29	7	414	0	1	1	1	2	4	1	26	48	0	0	0
92
DL
 
 
Kike García

30	
1.43
10
4.304.822 €	4.29	7	345	2	0	0	0	3	1	3	9	36	0	0	0
93
DL
 
 
B Iglesias

30	
1.50
9
15.972.058 €	5.00	6	265	3	0	0	0	3	3	5	4	28	0	0	0
94
DF
 
 
Navas

30	
1.14
8
4.892.537 €	3.75	7	194	1	0	0	9	2	1	2	7	23	0	0	0
95
DF
 
 
Sergio G

30	
1.57
11
10.613.523 €	4.29	7	630	0	0	0	0	34	0	0	27	57	0	0	1
96
DL
 
 
Embarba

30	
1.71
12
5.216.193 €	4.29	7	466	0	1	2	14	2	4	2	19	103	0	0	1
97
DF
 
 
Le Normand

30	
1.33
8
50.059.976 €	5.00	6	450	0	0	0	0	17	1	0	16	39	0	0	1
98
MC
 
 
Álex Baena

30	
2.40
12
45.523.808 €	6.00	5	401	0	2	4	10	2	4	3	30	72	0	0	2
99
MC
 
 
De Paul

30	
2.40
12
29.448.103 €	6.00	5	228	0	1	3	8	3	1	0	14	46	0	0	1
100
DF
 
 
Diego Rico

29	
2.00
14
6.848.759 €	3.63	7	537	0	1	1	9	9	2	1	29	117	0	0	2
101
DF
 
 
David López

29	
1.57
11
16.606.454 €	3.63	7	540	0	0	0	0	21	2	0	17	44	0	0	0
102
MC
 
 
Guevara

29	
1.57
11
3.757.610 €	4.14	7	394	0	1	0	0	7	2	0	23	51	0	0	0
103
PO
 
 
Cillessen

29	
1.83
11
17.179.324 €	4.83	6	540	0	0	0	0	5	0	0	51	55	0	20	0
104
MC
 
 
Neyou

29	
2.00
10
4.562.349 €	5.80	5	376	0	1	1	0	6	5	0	23	38	0	0	2
105
MC
 
 
Javi Hdez

29	
1.67
10
8.936.291 €	4.83	6	427	0	1	2	1	21	3	1	22	68	0	0	0
106
DF
 
 
Álex Balde

29	
1.57
11
38.549.678 €	4.14	7	446	0	0	0	3	3	9	1	13	51	0	0	0
107
MC
 
 
Kubo

29	
1.71
12
39.268.512 €	3.63	7	457	1	0	0	2	2	8	1	23	96	0	0	1
108
DL
 
 
Isi

29	
1.57
11
12.203.208 €	4.14	7	396	1	0	1	4	3	8	1	29	59	0	0	1
109
MC
 
 
Becker

29	
1.43
10
8.820.716 €	3.63	7	437	0	0	0	7	7	2	8	8	55	0	0	0
110
MC
 
 
Turrientes

29	
1.14
8
4.849.004 €	3.63	7	400	0	0	0	6	5	5	1	17	34	0	0	2
111
DT
 
 
Ancelotti

29	
0
0
5.835.633 €	4.14	7	0	0	0	0	0	0	0	0	0	0	0	0	0
112
DF
 
 
L. Pérez

29	
1.86
13
7.095.395 €	4.14	7	630	0	0	0	9	16	2	1	36	84	0	0	1
113
MC
 
 
Amallah

29	
1.50
9
6.233.665 €	4.83	6	376	0	1	0	4	2	11	2	26	44	0	0	1
114
PO
 
 
Agirrezabala

29	
1.83
11
4.821.890 €	4.83	6	405	0	0	0	0	3	0	0	39	41	0	8	0
115
MC
 
 
Modric

28	
1.71
12
10.394.909 €	3.50	7	319	0	0	4	12	1	2	2	23	57	0	0	2
116
MC
 
 
Antonio Sánchez

28	
1.29
9
2.099.210 €	4.00	7	417	0	0	0	3	11	2	1	24	61	0	0	0
117
MC
 
 
Conor Gallagher

28	
2.00
8
34.287.241 €	7.00	4	250	2	0	0	0	4	3	2	14	36	0	0	0
118
MC
 
 
Altimira

27	
1.67
10
1.166.613 €	3.86	6	248	0	1	1	0	4	3	0	25	24	0	0	0
119
DL
 
 
Abel Ruiz

27	
1.00
7
14.748.303 €	3.38	7	502	2	0	0	0	3	4	6	8	39	0	0	2
120
MC
 
 
Stoichkov

27	
1.14
8
4.884.198 €	3.86	7	359	0	1	1	2	4	2	3	20	57	0	0	1
121
DL
 
 
Oliver McBurnie

27	
1.67
10
8.419.451 €	4.50	6	467	0	2	4	1	5	5	3	10	59	0	0	0
122
DL
 
 
Budimir

27	
1.29
9
23.856.148 €	3.86	7	431	1	1	0	0	2	4	3	9	57	0	0	1
123
DL
 
 
Bryan Zaragoza

27	
1.71
12
32.990.171 €	3.86	7	412	0	1	0	6	1	11	2	10	73	0	0	1
124
DF
 
 
Mosquera

27	
1.43
10
14.114.518 €	3.86	7	630	0	0	0	0	18	2	0	41	46	0	0	2
125
MC
 
 
Casadó

27	
1.57
11
8.534.730 €	3.86	7	362	0	1	1	0	3	1	0	15	28	0	0	0
126
DF
 
 
Lucas Vázquez

27	
1.43
10
4.949.628 €	3.38	7	213	1	1	2	1	0	5	1	13	26	0	0	0
127
DF
 
 
Tejero

27	
1.33
8
4.865.275 €	4.50	6	322	0	2	1	8	9	1	1	15	41	0	0	0
128
DF
 
 
Abqar

26	
1.14
8
9.981.143 €	3.71	7	559	0	0	0	0	28	0	0	34	63	0	0	3
129
PO
 
 
Sivera

26	
1.43
10
14.678.714 €	3.71	7	630	0	0	0	0	4	0	0	45	89	0	14	2
130
DF
 
 
Carmona

26	
1.71
12
5.582.318 €	3.25	7	622	0	0	1	0	11	3	2	54	83	0	0	1
131
MC
 
 
Kirian

26	
2.17
13
14.651.050 €	4.33	6	515	0	1	2	0	4	4	5	40	86	0	0	1
132
DF
 
 
Traoré

26	
2.50
10
11.408.680 €	5.20	4	314	0	1	0	0	11	1	0	18	46	0	0	0
133
MC
 
 
Kike Pérez

26	
1.29
9
3.202.412 €	3.71	7	464	1	0	1	2	3	2	1	16	56	0	0	1
134
MC
 
 
Danjuma

26	
1.29
9
15.848.219 €	3.25	7	405	2	0	1	4	0	3	4	12	43	0	0	2
135
MC
 
 
Comesaña

26	
1.67
10
8.060.669 €	4.33	6	506	0	1	1	2	5	3	0	44	42	0	0	1
136
PO
 
 
Leo Román

26	
1.33
8
2.532.641 €	4.33	6	180	0	0	0	0	0	0	0	15	21	0	12	0
137
MC
 
 
Prados

25	
1.14
8
6.209.980 €	3.57	7	424	1	0	0	0	5	1	2	28	50	0	0	3
138
MC
 
 
Franquesa

25	
1.14
8
4.679.405 €	3.57	7	355	1	0	0	1	8	4	1	20	55	0	0	1
139
DF
 
 
Jesús Vázquez

25	
1.29
9
1.684.659 €	3.57	7	525	0	0	1	2	15	9	1	28	93	0	0	2
140
DF
 
 
Tárrega

25	
1.00
7
2.750.536 €	3.57	7	450	0	0	0	0	26	1	0	20	48	0	0	1
141
DL
 
 
Camello

25	
1.14
8
9.165.213 €	3.57	7	361	1	0	0	0	5	0	4	11	34	0	0	1
142
DL
 
 
Ferran Torres

25	
1.33
8
10.058.773 €	4.17	6	233	1	1	1	2	0	6	3	5	23	1	0	0
143
DF
 
 
C Tárrega

25	
1.00
7
3.000.000 €	3.57	7	450	0	0	0	0	26	1	0	20	48	0	0	1
144
DF
 
 
Sergi Cardona

25	
1.67
10
19.480.050 €	4.17	6	536	1	1	1	5	20	0	1	27	68	0	0	2
145
MC
 
 
Barrios

25	
2.50
10
14.322.009 €	6.25	4	315	0	1	1	1	5	4	1	24	40	0	0	1
146
DL
 
 
Berenguer

24	
1.29
9
6.001.025 €	3.43	7	347	0	1	2	4	4	5	2	16	76	0	0	2
147
DF
 
 
Diego Llorente

24	
1.50
9
14.598.025 €	3.43	6	540	0	0	0	0	23	1	1	19	51	0	0	0
148
MC
 
 
Fornals

24	
1.83
11
18.298.426 €	3.43	6	403	0	0	2	4	2	2	0	21	74	0	0	1
149
MC
 
 
C. Benavidez

24	
1.14
8
1.116.982 €	3.43	7	158	1	1	2	0	1	0	1	16	15	0	0	0
150
DL
 
 
Raúl

24	
1.00
7
1.110.534 €	3.43	7	200	1	0	1	0	2	6	2	3	24	0	0	0
151
MC
 
 
Arda Güler

24	
1.43
10
13.659.635 €	3.00	7	239	0	0	3	2	3	5	4	9	34	0	0	1
152
DL
 
 
Nico Williams

23	
1.83
11
62.033.146 €	3.83	6	346	1	0	0	2	0	10	4	16	77	0	0	1
153
MC
 
 
Swedberg

23	
1.17
7
6.110.131 €	3.83	6	212	1	1	2	1	2	2	5	5	26	0	0	1
154
DF
 
 
Starfelt

23	
1.17
7
5.450.870 €	3.83	6	375	1	0	0	0	22	0	1	16	14	0	0	0
155
MC
 
 
Sow

23	
1.17
7
3.909.367 €	3.29	6	366	0	0	0	0	4	0	2	24	31	0	0	1
156
MC
 
 
Torró

23	
1.14
8
3.664.630 €	3.29	7	625	0	0	0	0	16	2	1	41	98	0	0	2
157
DL
 
 
Hugo Duro

23	
1.80
9
21.235.654 €	4.60	5	362	2	0	0	0	2	1	4	14	29	0	0	1
158
MC
 
 
Almeida

23	
1.83
11
4.195.762 €	3.83	6	333	0	0	1	5	2	2	1	17	35	0	0	0
159
DF
 
 
Jon Pacheco

23	
1.14
8
5.496.526 €	2.88	7	339	0	0	0	0	21	0	0	11	29	0	0	2
160
MC
 
 
Mascarell

23	
1.00
7
1.748.223 €	3.29	7	354	0	0	0	0	15	0	1	24	16	0	0	1
161
MC
 
 
Morlanes

23	
1.14
8
3.396.261 €	3.29	7	277	0	0	0	0	3	1	0	28	21	0	0	1
162
DL
 
 
Jofre

23	
1.50
9
2.308.969 €	3.83	6	322	0	1	1	2	5	5	2	19	48	0	0	0
163
DF
 
 
Romero

23	
1.50
9
8.850.368 €	3.83	6	506	1	0	0	5	11	4	1	30	75	0	0	1
164
MC
 
 
Juric

23	
1.00
7
1.818.137 €	3.29	7	481	0	0	1	0	16	3	0	33	34	0	0	4
165
DL
 
 
Correa

23	
1.83
11
6.403.638 €	3.83	6	158	1	0	0	1	0	7	2	16	22	0	0	0
166
MC
 
 
Parejo

23	
1.50
9
18.277.281 €	3.83	6	385	1	0	0	3	7	2	2	26	34	0	0	2
167
DL
 
 
Tsygankov

23	
1.33
8
21.827.345 €	3.29	6	353	1	1	1	8	0	4	2	16	58	0	0	1
168
DF
 
 
Álex Sola

22	
1.00
7
3.994.301 €	2.75	7	481	0	0	1	1	5	9	0	25	86	0	0	2
169
DF
 
 
Sabaly

22	
1.17
7
7.883.753 €	3.14	6	332	0	0	0	2	9	3	0	15	37	0	0	0
170
PO
 
 
Iván Villar

22	
1.17
7
5.329.016 €	3.67	6	360	0	0	0	0	5	0	0	30	22	0	11	0
171
DF
 
 
Catena

22	
0.86
6
10.657.799 €	3.14	7	540	0	0	0	0	38	1	1	20	48	0	0	0
172
MC
 
 
Pablo Torre

22	
1.14
8
1.988.324 €	3.14	7	129	1	1	1	2	1	1	1	8	20	0	0	0
173
DF
 
 
Thierry Correia

22	
1.71
12
5.476.247 €	3.14	7	501	0	0	0	3	8	7	2	25	87	0	0	0
174
MC
 
 
Pathé Ciss

22	
1.14
8
1.878.418 €	3.14	7	228	0	1	2	0	9	3	0	19	29	0	0	2
175
DF
 
 
Fran García

22	
1.29
9
4.395.872 €	2.75	7	251	0	0	0	5	2	0	2	18	23	0	0	0
176
MC
 
 
Brahim

22	
1.80
9
17.159.281 €	3.67	5	118	1	1	0	0	0	5	1	8	22	0	0	0
177
MC
 
 
Álvaro García

22	
1.80
9
5.539.769 €	4.40	5	271	1	0	0	3	6	1	2	20	44	0	0	1
178
DF
 
 
Paredes

21	
1.00
5
8.460.789 €	4.20	5	261	1	0	0	0	26	0	1	10	21	0	0	1
179
DL
 
 
Carles Pérez

21	
1.00
7
2.750.038 €	2.63	7	422	0	0	1	3	1	8	1	9	70	0	0	0
180
DF
 
 
Bartra

21	
3.50
7
20.857.090 €	10.50	2	176	1	0	0	0	5	1	1	12	22	0	0	0
181
DL
 
 
Tomás Conechny

21	
0.71
5
2.578.848 €	3.00	7	361	1	0	0	9	3	0	5	22	64	0	0	2
182
DL
 
 
Isaac

21	
1.17
7
22.044.860 €	3.00	6	381	0	1	1	0	4	6	5	17	42	0	0	3
183
DL
 
 
Dani Gómez

21	
0.86
6
1.316.686 €	3.00	7	281	1	0	0	0	3	1	3	7	22	0	0	0
184
DF
 
 
Azpilicueta

21	
1.33
8
9.495.545 €	3.50	6	392	0	0	0	1	10	0	1	7	40	0	0	0
185
DL
 
 
Julián Alvarez

21	
1.00
6
51.501.101 €	3.50	6	327	1	0	0	0	2	0	4	9	30	0	0	0
186
DT
 
 
Simeone

21	
0
0
4.463.102 €	3.50	6	0	0	0	0	0	0	0	0	0	0	0	0	0
187
MC
 
 
Christantus Uche

21	
1.33
8
2.887.015 €	3.00	6	500	0	0	0	0	0	9	2	21	91	0	0	1
188
MC
 
 
Jailson

20	
1.50
9
1.589.457 €	3.33	6	453	0	0	0	0	18	3	1	30	41	0	0	0
189
DF
 
 
Pedrosa

20	
1.14
8
3.144.933 €	2.50	7	426	0	1	1	6	10	6	1	18	78	0	0	2
190
MC
 
 
Gudelj

20	
0.86
6
2.361.721 €	2.50	7	360	0	0	0	0	15	1	0	8	23	0	0	1
191
MC
 
 
Óscar

20	
1.00
7
4.028.363 €	2.86	7	295	0	1	1	2	1	4	2	15	46	0	0	2
192
MC
 
 
Darko

20	
0.71
5
721.279 €	2.86	7	454	0	0	0	1	16	0	2	20	47	0	0	0
193
DF
 
 
Areso

20	
1.43
10
2.596.738 €	2.86	7	530	0	0	0	5	11	3	0	31	92	0	0	1
194
DF
 
 
Chavarría

20	
1.29
9
649.777 €	2.86	7	305	0	1	0	3	7	1	0	27	59	0	0	0
195
MC
 
 
Alex Král

20	
1.33
8
7.471.961 €	3.33	6	483	0	0	1	0	12	7	0	27	61	0	0	0
196
DL
 
 
Alejo Véliz

20	
1.17
7
5.826.884 €	3.33	6	416	1	0	0	0	10	1	4	9	39	0	0	2
197
DT
 
 
Ernesto Valverde

20	
0
0
2.544.100 €	3.33	6	0	0	0	0	0	0	0	0	0	0	0	0	0
198
PO
 
 
A Batalla

20	
1.75
7
1.824.233 €	5.00	4	270	0	0	0	0	1	0	0	21	34	0	6	0
199
DF
 
 
Natan

20	
2.00
8
10.945.914 €	4.00	4	360	0	0	0	0	19	0	0	16	27	0	0	0
200
DF
 
 
Yeray

19	
1.75
7
10.935.317 €	4.75	4	360	0	0	0	0	16	2	0	22	44	0	0	2
201
DF
 
 
Yuri

19	
1.60
8
11.441.365 €	3.80	5	450	0	0	0	1	12	2	1	28	44	0	0	0
202
MC
 
 
Guridi

19	
1.14
8
4.094.529 €	2.71	7	381	0	0	0	1	3	2	0	23	41	0	0	2
203
MC
 
 
Fran Beltrán

19	
1.17
7
4.749.915 €	3.17	6	322	1	0	1	1	3	1	1	14	29	0	0	0
204
MC
 
 
Javi Muñoz

19	
1.83
11
3.675.675 €	3.17	6	513	0	1	1	3	6	4	1	23	70	0	0	0
205
DF
 
 
Valentin Rosier

19	
1.14
8
4.348.649 €	2.71	7	573	0	0	0	1	24	4	0	31	83	0	0	3
206
DT
 
 
Vicente Moreno

19	
0
0
873.209 €	2.71	7	0	0	0	0	0	0	0	0	0	0	0	0	0
207
MC
 
 
Moncayola

19	
1.43
10
2.736.539 €	2.71	7	492	0	0	1	7	6	3	0	22	73	0	0	2
208
DF
 
 
Mendy

19	
1.50
9
27.337.089 €	2.71	6	379	0	0	0	0	5	1	0	16	24	1	0	1
209
DT
 
 
Jagoba Arrasate

19	
0
0
1.322.187 €	2.71	7	0	0	0	0	0	0	0	0	0	0	0	0	0
210
DL
 
 
Asano

19	
1.17
7
4.883.579 €	3.17	6	321	0	0	0	0	3	3	4	17	44	0	0	0
211
DF
 
 
De Marcos

19	
1.00
6
5.581.583 €	3.17	6	257	0	1	0	1	6	1	0	18	38	0	0	0
212
DF
 
 
Costa

19	
1.67
5
7.514.467 €	6.33	3	270	1	0	0	0	21	0	1	12	22	0	0	0
213
DL
 
 
Douvikas

18	
0.67
4
3.473.332 €	3.00	6	275	1	0	0	1	4	2	5	9	25	0	0	0
214
MC
 
 
Agoumé

18	
1.00
7
2.211.878 €	2.25	7	380	0	0	0	0	7	5	0	22	49	0	0	0
215
MC
 
 
Riquelme

18	
1.33
8
6.435.860 €	3.00	6	191	0	0	1	3	3	2	1	11	31	0	0	0
216
DF
 
 
Reinildo

18	
1.33
8
4.652.833 €	3.00	6	286	0	0	0	0	14	2	0	25	38	0	0	0
217
DF
 
 
Gorosabel

17	
0.57
4
5.077.912 €	2.43	7	184	0	1	1	2	8	2	0	8	17	0	0	1
218
MC
 
 
Vesga

17	
1.14
8
2.686.302 €	2.43	7	254	0	0	0	0	4	2	0	22	36	0	0	0
219
DF
 
 
Romain Perraud

17	
1.17
7
5.028.793 €	2.43	6	381	0	0	1	1	13	4	0	28	61	0	0	3
220
DT
 
 
Luis Garcia

17	
0
0
2.637.243 €	2.43	7	0	0	0	0	0	0	0	0	0	0	0	0	0
221
MC
 
 
Luka Sucic

17	
1.00
6
4.348.933 €	2.83	6	233	0	0	1	0	1	2	3	17	32	0	0	0
222
DF
 
 
Eric García

17	
1.17
7
7.391.261 €	2.83	6	264	0	0	0	0	6	1	1	8	18	0	0	0
223
MC
 
 
Nteka

17	
0.71
5
1.138.808 €	2.43	7	264	0	0	0	0	3	0	1	7	30	0	0	1
224
MC
 
 
Bellingham

17	
3.00
9
89.289.151 €	5.67	3	262	0	1	1	0	2	4	2	15	39	0	0	1
225
DL
 
 
Larin

17	
0.71
5
907.088 €	2.43	7	250	0	1	1	0	3	2	0	11	38	0	0	1
226
DF
 
 
Maffeo

17	
1.40
7
4.640.619 €	3.40	5	303	0	0	0	8	9	4	0	14	51	0	0	1
227
MC
 
 
Aguado

17	
1.17
7
1.965.529 €	2.83	6	223	0	0	0	4	5	2	0	17	30	0	0	1
228
DF
 
 
L. Rosa

17	
1.00
7
1.477.681 €	2.43	7	630	0	0	0	3	18	6	0	36	76	0	0	4
229
DL
 
 
Nicolas Pépé

17	
1.20
6
6.389.391 €	3.40	5	210	0	1	1	1	2	6	7	9	32	0	0	1
230
DF
 
 
Manu Sánchez

17	
1.17
7
3.040.683 €	2.83	6	458	0	0	1	4	10	1	0	29	71	0	0	2
231
MC
 
 
Arambarri

16	
0.71
5
854.422 €	2.00	7	288	1	0	0	0	5	2	2	13	46	0	0	2
232
DL
 
 
Stuani

16	
0.57
4
1.548.548 €	2.00	7	91	2	0	0	0	1	0	2	1	8	0	0	1
233
MC
 
 
Juanlu

16	
1.00
6
4.031.791 €	2.29	6	265	1	0	0	1	2	0	1	16	24	0	0	1
234
DF
 
 
Badé

16	
1.50
9
7.591.119 €	2.29	6	380	0	0	0	0	20	6	1	17	46	0	0	2
235
MC
 
 
Moi Gómez

16	
0.86
6
2.869.182 €	2.29	7	293	0	0	0	3	3	4	0	25	50	0	0	0
236
MC
 
 
Guerra

16	
0.71
5
6.742.047 €	2.29	7	358	0	0	0	1	8	5	0	17	57	0	0	1
237
PO
 
 
Iñaki Peña

16	
0.86
6
1.709.664 €	2.29	7	135	0	0	0	0	3	0	0	19	7	0	2	0
238
PO
 
 
Cárdenas

16	
1.00
7
2.783.297 €	2.29	7	360	0	0	0	0	4	0	0	25	47	0	7	0
239
MC
 
 
Brais Méndez

16	
1.75
7
23.986.339 €	3.20	4	265	1	0	0	1	1	2	2	14	48	0	0	0
240
DT
 
 
Iñigo Perez

16	
0
0
1.206.955 €	2.29	7	0	0	0	0	0	0	0	0	0	0	0	0	0
241
DF
 
 
Calero

16	
0.80
4
2.563.763 €	3.20	5	179	0	0	0	0	15	0	0	8	16	0	0	0
242
DL
 
 
Yéremy Pino

16	
1.33
8
11.145.670 €	2.67	6	305	0	1	1	1	3	3	2	12	45	0	0	2
243
DF
 
 
Albiol

16	
0.83
5
5.182.167 €	2.67	6	365	0	0	0	0	35	0	0	11	26	0	0	2
244
DL
 
 
Akhomach

16	
0.83
5
3.662.424 €	2.67	6	212	0	0	1	0	4	4	1	13	36	0	0	1
245
MC
 
 
Hugo Alvarez

16	
2.00
6
5.446.239 €	5.33	3	247	1	0	1	1	0	6	3	12	44	0	0	1
246
DL
 
 
Vitor Roque

16	
1.25
5
20.333.184 €	3.20	4	216	1	0	1	0	1	1	6	6	28	0	0	0
247
MC
 
 
Fekir

15	
3.00
6
31.263.474 €	7.50	2	180	0	1	1	5	0	0	1	3	30	0	0	0
248
MC
 
 
William Carvalho

15	
1.50
6
3.992.387 €	3.00	4	250	0	0	0	0	4	2	1	19	40	0	0	0
249
DF
 
 
Francés

15	
1.00
7
3.919.280 €	1.88	7	354	0	0	0	0	9	1	0	18	39	0	0	1
250
MC
 
 
Aleñá

15	
0.71
5
890.155 €	1.88	7	305	0	0	0	2	1	3	1	9	24	0	0	1
251
DT
 
 
Claudio Giraldez

15	
0
0
1.120.813 €	2.50	6	0	0	0	0	0	0	0	0	0	0	0	0	0
252
MC
 
 
Marvin

15	
0.83
5
1.298.038 €	2.50	6	411	0	0	1	4	11	1	0	29	61	0	0	1
253
MC
 
 
Tapia

15	
0.71
5
1.756.303 €	2.14	7	189	0	0	0	0	12	1	0	15	37	0	0	1
254
MC
 
 
López

15	
0.71
5
1.863.796 €	2.14	7	151	0	1	1	3	3	1	0	12	23	0	0	0
255
DL
 
 
Raba

15	
1.00
7
1.788.879 €	2.14	7	139	0	0	1	3	2	2	2	13	26	0	0	0
256
DF
 
 
Aritz

15	
1.20
6
2.058.704 €	3.00	5	240	0	0	0	0	6	0	0	15	27	0	0	0
257
DL
 
 
Abdón

15	
0.86
6
1.260.904 €	2.14	7	90	1	0	0	0	1	0	1	4	8	0	0	1
258
DL
 
 
Amath

15	
0.57
4
3.289.421 €	2.14	7	227	0	1	0	1	0	2	1	9	27	0	0	0
259
MC
 
 
V Meseguer

15	
0.71
5
2.289.315 €	2.14	7	262	0	0	0	0	3	1	0	14	30	0	0	0
260
MC
 
 
I Sánchez

15	
0.86
6
2.532.130 €	2.14	7	319	0	0	1	3	1	8	1	16	46	0	0	1
261
DF
 
 
Kiko Femenía

15	
1.17
7
4.278.003 €	2.50	6	540	0	0	0	5	12	6	0	30	44	0	0	2
262
DL
 
 
Bertug

15	
0.80
4
1.684.293 €	2.50	5	331	0	0	1	1	7	0	1	9	37	0	0	2
263
DL
 
 
Ruibal

14	
0.67
4
1.261.469 €	2.00	6	215	0	0	1	1	0	1	2	8	32	0	0	1
264
DT
 
 
Manuel Pellegrini

14	
0
0
2.297.304 €	2.33	6	0	0	0	0	0	0	0	0	0	0	0	0	0
265
DT
 
 
Michel

14	
0
0
3.652.012 €	2.00	7	0	0	0	0	0	0	0	0	0	0	0	0	0
266
DF
 
 
A.sedlar

14	
0.83
5
2.817.843 €	2.33	6	356	0	0	0	0	3	0	0	15	28	1	0	1
267
DF
 
 
Marcao

14	
1.00
6
509.742 €	2.00	6	292	0	0	0	0	13	0	0	19	34	0	0	1
268
DF
 
 
Alex Muñoz

14	
1.00
6
2.026.270 €	2.33	6	282	1	0	0	5	11	0	2	13	48	0	0	0
269
MC
 
 
Campaña

14	
1.20
6
1.019.983 €	2.80	5	190	0	0	0	1	4	2	0	23	20	0	0	0
270
DT
 
 
Garcia Pimienta

14	
0
0
1.132.606 €	2.00	7	0	0	0	0	0	0	0	0	0	0	0	0	0
271
MC
 
 
Gumbau

14	
1.00
6
1.281.037 €	2.33	6	180	0	1	0	3	1	1	1	4	31	0	0	0
272
DF
 
 
Javi López

14	
1.40
7
5.917.870 €	2.33	5	379	0	0	0	2	14	2	0	19	47	0	0	0
273
DF
 
 
Copete

14	
0.57
4
1.300.101 €	2.00	7	125	0	0	0	0	13	0	1	2	6	0	0	1
274
DL
 
 
Endrick

14	
0.57
4
10.840.811 €	1.75	7	37	1	0	0	0	0	1	3	3	7	0	0	1
275
DF
 
 
Nahuel Molina

14	
1.17
7
3.719.160 €	2.33	6	171	0	0	0	3	7	4	1	8	37	0	0	0
276
DF
 
 
Witsel

14	
0.83
5
10.529.397 €	2.33	6	225	0	0	0	0	13	0	0	13	18	0	0	0
277
DT
 
 
Marcelino

14	
0
0
2.436.011 €	2.80	5	0	0	0	0	0	0	0	0	0	0	0	0	0
278
MC
 
 
Carlos M

14	
0.67
4
999.084 €	2.33	6	132	1	0	0	0	2	0	1	5	16	0	0	0
279
MC
 
 
Misehouy

14	
0.86
6
1.324.077 €	1.75	7	63	1	0	0	0	0	0	2	0	9	0	0	0
280
DL
 
 
Walid Cheddira

14	
1.67
5
2.261.095 €	4.67	3	97	0	1	1	0	2	0	0	5	13	0	0	0
281
DF
 
 
Nayef Aguerd

14	
2.00
6
7.897.858 €	4.67	3	246	0	0	0	0	9	0	1	13	16	0	0	1
282
DL
 
 
Chimy Ávila

13	
1.17
7
4.007.754 €	1.86	6	181	0	0	1	3	1	0	2	9	33	0	0	2
283
DF
 
 
Bellerín

13	
1.00
6
2.271.505 €	1.86	6	208	0	1	1	2	4	4	0	5	31	0	0	1
284
DL
 
 
Portu

13	
0.67
4
2.445.390 €	1.86	6	143	0	1	1	0	1	1	0	7	12	0	0	1
285
DF
 
 
Arnau Mtnez.

13	
1.14
8
3.057.826 €	1.63	7	276	0	0	0	1	5	0	0	5	40	0	0	0
286
MC
 
 
Donny van de Beek

13	
0.86
6
5.015.145 €	1.63	7	41	0	1	1	0	0	1	0	2	5	0	0	0
287
DL
 
 
Sadiq

13	
0.57
4
1.497.127 €	1.63	7	185	0	0	1	0	2	5	0	7	37	0	0	1
288
DF
 
 
Javi Sánchez

13	
1.50
6
2.533.600 €	3.25	4	242	0	0	1	0	12	0	0	7	22	0	0	1
289
DF
 
 
El Hilali

13	
0.67
4
4.318.121 €	2.17	6	537	0	0	0	0	25	3	0	18	61	0	0	2
290
DL
 
 
Gerard

13	
2.00
6
22.087.844 €	4.33	3	116	0	1	2	0	0	1	3	2	16	0	0	0
291
MC
 
 
Saúl

13	
1.75
7
4.225.783 €	3.25	4	322	0	1	0	0	4	2	3	15	45	1	0	1
292
DL
 
 
Asprilla

13	
1.00
5
4.326.305 €	2.17	5	249	0	0	0	6	1	4	1	17	51	0	0	1
293
DF
 
 
J Berrocal

13	
0.80
4
1.001.916 €	2.17	5	269	0	0	0	0	10	0	0	19	22	0	0	0
294
MC
 
 
Unai G

12	
0.71
5
1.161.121 €	1.71	7	181	0	0	0	2	3	4	0	3	27	0	0	1
295
DL
 
 
Juanmi

12	
0.80
4
3.112.844 €	2.00	5	142	0	0	1	0	3	4	1	8	16	0	0	1
296
MC
 
 
Rodri

12	
1.67
5
2.150.231 €	3.00	3	117	0	0	0	4	1	1	2	11	20	0	0	0
297
MC
 
 
Oriol Romeu

12	
0.67
4
2.787.459 €	1.71	6	303	0	0	0	0	0	0	0	15	24	0	0	1
298
DL
 
 
Villalibre

12	
0.43
3
1.173.691 €	1.71	7	156	1	0	0	0	3	0	2	3	12	0	0	0
299
DF
 
 
Carlos Domínguez

12	
1.40
7
1.964.899 €	2.40	5	252	0	0	0	0	12	0	1	7	29	0	0	0
300
DL
 
 
Peque

12	
0.57
4
2.486.933 €	1.50	7	287	0	0	0	1	0	1	1	17	32	0	0	1
301
DF
 
 
Nianzou

12	
0.71
5
1.097.019 €	1.50	7	250	0	0	0	0	15	2	0	9	14	0	0	0
302
DL
 
 
Ocampos

12	
2.50
5
10.524.242 €	6.00	2	176	0	1	1	1	1	3	2	6	38	0	0	0
303
DL
 
 
Miguel

12	
0.57
4
2.016.316 €	1.71	7	447	0	0	0	2	2	1	2	6	60	0	0	2
304
DF
 
 
Balliu

12	
0.43
3
1.661.350 €	1.71	7	313	0	0	0	0	9	1	0	15	58	0	0	1
305
DT
 
 
Manolo González

12	
0
0
406.321 €	2.00	6	0	0	0	0	0	0	0	0	0	0	0	0	0
306
DF
 
 
Zubeldia

12	
1.20
6
6.581.436 €	2.00	5	396	0	0	0	0	15	0	0	15	39	0	0	2
307
DL
 
 
T Martinez

12	
1.00
4
3.769.682 €	3.00	4	128	1	0	0	0	3	0	2	5	21	0	0	0
308
MC
 
 
Yellu

11	
0.71
5
614.149 €	1.38	7	164	0	0	0	1	2	0	0	8	22	0	0	1
309
MC
 
 
Bamba

11	
0.83
5
3.409.859 €	1.83	6	250	0	0	2	4	4	5	1	13	41	0	0	1
310
DT
 
 
Borja Jimenez

11	
0
0
549.614 €	1.57	7	0	0	0	0	0	0	0	0	0	0	0	0	0
311
DF
 
 
Herrando

11	
0.71
5
3.235.904 €	1.57	7	360	0	0	0	0	12	0	1	7	43	0	0	2
312
DL
 
 
Rafa Mir

11	
0.75
3
4.132.576 €	2.75	4	241	0	1	1	1	5	0	1	1	26	0	0	1
313
DF
 
 
Espino

11	
1.25
5
2.671.770 €	2.75	4	305	0	0	0	0	7	3	1	22	60	0	0	1
314
DL
 
 
I. Cardona

11	
1.00
5
1.823.555 €	2.20	5	192	0	0	1	0	3	0	1	11	24	0	0	1
315
MC
 
 
Gragera

11	
0.17
1
677.471 €	1.83	6	327	0	0	0	0	5	0	0	12	18	0	0	0
316
DF
 
 
Ricardo Rodríguez

11	
0.83
5
5.887.360 €	1.57	6	159	0	0	0	2	3	2	0	14	18	0	0	0
317
DL
 
 
Álvaro Djaló

11	
0.60
3
3.381.601 €	2.20	5	153	1	0	0	1	0	3	2	5	28	0	0	0
318
MC
 
 
Kumbulla

11	
1.00
3
1.765.752 €	3.67	3	270	0	0	0	0	23	0	0	6	21	0	0	2
319
DF
 
 
Unai Nuñez

11	
0.75
3
3.006.417 €	2.75	4	90	0	0	0	0	4	1	1	14	6	0	0	0
320
DF
 
 
Valery

11	
1.00
3
538.327 €	3.67	3	61	1	0	0	0	0	0	1	3	9	0	0	1
321
MC
 
 
Enzo Barrenechea

11	
1.00
3
4.868.958 €	3.67	3	175	0	0	0	0	5	0	0	5	22	0	0	0
322
DL
 
 
Borja Mayoral

11	
1.33
4
9.170.129 €	3.67	3	65	1	0	0	0	1	1	2	3	12	0	0	0
323
DF
 
 
Lekue

10	
0.71
5
993.737 €	1.43	7	225	0	0	0	0	9	1	0	13	29	0	0	1
324
MC
 
 
Peter

10	
0.71
5
1.596.714 €	1.25	7	135	0	0	0	1	1	0	1	8	22	0	0	0
325
MC
 
 
Almena

10	
2.00
4
614.077 €	5.00	2	46	0	1	1	0	2	2	0	2	11	0	0	0
326
DF
 
 
Rubén Peña

10	
0.80
4
1.104.393 €	2.00	5	156	0	0	0	1	2	3	2	6	36	0	0	1
327
DF
 
 
Lato

10	
0.67
4
658.094 €	1.67	6	144	0	0	0	5	7	0	0	7	26	1	0	0
328
DF
 
 
S. Gómez

10	
0.83
5
1.063.028 €	1.67	6	131	0	0	0	0	5	0	1	3	8	0	0	0
329
DL
 
 
M Sylla

10	
0.29
2
2.195.491 €	1.43	7	187	0	0	0	0	1	0	0	2	17	0	0	0
330
DF
 
 
Mckenna

10	
0.75
3
3.039.087 €	2.50	4	347	0	0	0	0	17	0	0	14	30	0	0	0
331
PO
 
 
Juan Musso

10	
0.75
3
1.996.397 €	2.50	4	90	0	0	0	0	0	0	0	6	6	0	1	0
332
MC
 
 
Jordán

10	
1.67
5
498.079 €	3.33	3	115	0	1	1	1	2	0	0	3	26	0	0	0
333
DL
 
 
Diego

9	
0.57
4
786.828 €	1.29	7	110	0	0	0	0	2	0	2	1	15	0	0	0
334
MC
 
 
Ibañez

9	
0.57
4
1.491.386 €	1.29	7	110	0	0	0	0	6	1	2	7	13	0	0	0
335
MC
 
 
Guillamón

9	
0.43
3
1.435.142 €	1.29	7	230	0	0	0	0	5	0	0	12	26	0	0	2
336
DT
 
 
Rubén Baraja

9	
0
0
1.655.260 €	1.29	7	0	0	0	0	0	0	0	0	0	0	0	0	0
337
DT
 
 
Imanol Alguacil

9	
0
0
2.438.004 €	1.29	7	0	0	0	0	0	0	0	0	0	0	0	0	0
338
MC
 
 
Trejo

9	
0.57
4
920.787 €	1.29	7	121	0	0	1	1	0	4	0	6	23	0	0	0
339
DF
 
 
D. Torres

9	
0.43
3
480.043 €	1.29	7	174	0	0	0	0	14	0	0	3	14	0	0	1
340
DT
 
 
Pezzolano

9	
0
0
538.864 €	1.29	7	0	0	0	0	0	0	0	0	0	0	0	0	0
341
DF
 
 
Cabrera

9	
1.25
5
2.023.839 €	2.25	4	360	0	0	0	0	24	0	0	16	65	0	0	0
342
PO
 
 
Guaita

9	
0.40
2
2.522.251 €	1.80	5	180	0	0	0	0	0	0	0	24	6	0	3	0
343
MC
 
 
Albert Sambi Lokonga

9	
1.33
4
4.390.676 €	2.25	3	153	0	0	0	0	2	0	1	10	9	0	0	1
344
MC
 
 
Jaureguizar

9	
0.80
4
508.002 €	1.80	5	264	0	0	0	2	2	1	0	17	32	1	0	2
345
MC
 
 
Damian

9	
1.67
5
3.009.339 €	3.00	3	156	0	0	0	2	2	0	0	7	23	0	0	0
346
DF
 
 
Valentín Barco

9	
1.25
5
5.604.499 €	1.80	4	204	0	0	0	3	2	2	0	13	44	0	0	0
347
MC
 
 
De Galarreta

9	
0.67
2
5.291.254 €	3.00	3	147	0	0	0	0	1	1	0	14	19	0	0	1
348
MC
 
 
Ander Herrera

8	
0.43
3
776.893 €	1.14	7	136	0	0	0	0	3	1	0	9	16	0	0	2
349
MC
 
 
Jhon Solis

8	
0.57
4
374.093 €	1.00	7	269	0	0	0	1	4	3	0	15	30	0	0	0
350
MC
 
 
Ilaix

8	
0.67
4
1.303.669 €	1.33	6	186	0	0	1	1	3	1	0	9	17	0	0	2
351
DF
 
 
Álex Suárez

8	
1.00
5
3.480.699 €	1.60	5	380	0	0	0	0	15	0	0	15	37	0	0	1
352
DL
 
 
Mata

8	
0.33
2
1.414.498 €	1.33	6	179	0	0	0	1	0	1	1	8	23	0	0	0
353
DF
 
 
Cenk

8	
0.60
3
936.627 €	1.60	5	106	0	0	0	0	6	0	0	15	2	0	0	0
355
MC
 
 
Barrenetxea

8	
0.80
4
4.993.844 €	1.33	5	189	0	0	0	1	5	1	1	13	36	0	0	1
356
MC
 
 
Ceballos

8	
0.75
3
913.393 €	1.60	4	70	0	0	0	1	0	2	0	3	11	0	0	0
357
DL
 
 
Machis

8	
0.43
3
1.516.834 €	1.14	7	176	0	0	0	4	0	0	0	8	35	0	0	0
358
DF
 
 
Cömert

8	
0.43
3
2.635.818 €	1.14	7	428	0	0	0	0	17	1	0	9	26	0	0	0
359
DF
 
 
B. Olivan

8	
0.50
3
819.686 €	1.33	6	98	0	0	0	2	6	0	0	4	19	0	0	0
360
MC
 
 
Terrats

8	
0.67
4
639.170 €	1.33	6	39	0	0	0	0	2	1	0	5	13	0	0	0
361
MC
 
 
Adama

8	
0.33
2
570.479 €	1.33	6	144	0	0	0	1	5	2	0	3	20	0	0	0
362
DL
 
 
Munir

8	
0.33
2
3.018.057 €	1.33	6	148	0	0	0	0	0	1	0	7	20	0	0	0
363
DF
 
 
Martín

8	
0.75
3
456.341 €	2.00	4	93	0	0	0	0	7	0	0	3	8	0	0	0
364
DF
 
 
Aramburu

8	
1.25
5
1.073.238 €	1.60	4	239	0	0	0	2	12	0	0	10	33	0	0	2
365
MC
 
 
Alberto

8	
1.25
5
434.860 €	2.00	4	33	0	0	0	2	0	1	1	2	13	0	0	0
366
MC
 
 
Luka

7	
0.43
3
2.465.564 €	1.00	7	155	0	0	0	1	0	1	0	9	19	0	0	0
367
MC
 
 
Hugo Sotelo

7	
0.50
3
1.135.204 €	1.17	6	146	0	0	0	3	1	1	0	8	19	0	0	2
368
MC
 
 
Viti

7	
0.67
4
1.133.540 €	1.17	6	154	0	0	0	1	4	1	0	6	23	0	0	1
369
MC
 
 
Manu Fuster

7	
0.50
3
2.021.237 €	1.17	6	78	0	0	0	2	0	1	0	4	18	0	0	0
370
MC
 
 
J. Chicco

7	
0.29
2
408.478 €	1.00	7	111	0	0	0	0	0	1	0	5	14	0	0	0
371
DF
 
 
Foulquier

7	
0.71
5
1.028.863 €	1.00	7	245	0	0	0	1	4	2	0	12	56	0	0	1
372
MC
 
 
Pablo Marín

7	
0.43
3
920.812 €	0.88	7	42	0	0	0	0	0	2	0	6	12	0	0	0
373
DL
 
 
Giuliano

7	
0.50
3
566.141 €	1.17	6	25	0	0	0	0	0	3	0	0	5	0	0	0
374
MC
 
 
Pau Victor

7	
0.33
2
1.401.072 €	1.17	6	54	0	1	0	0	2	2	1	1	10	0	0	2
375
MC
 
 
Mario Martín

7	
1.25
5
876.699 €	1.75	4	199	0	1	0	0	3	2	1	13	21	1	0	1
376
DL
 
 
Pablo Durán

7	
0.67
2
620.467 €	2.33	3	76	0	1	0	0	0	0	0	2	8	0	0	0
377
DL
 
 
Sébastien Haller

7	
1.33
4
19.877.119 €	2.33	3	186	0	0	0	0	6	1	1	3	28	0	0	0
378
DL
 
 
Orri Óskarsson

7	
0.67
2
7.442.002 €	2.33	3	118	0	0	0	0	1	0	0	0	9	0	0	0
379
DT
 
 
Jose Bordalas

6	
0
0
674.253 €	1.20	5	0	0	0	0	0	0	0	0	0	0	0	0	0
380
DF
 
 
Carreira

6	
0.50
3
558.249 €	1.00	6	103	0	0	0	1	4	1	0	5	12	0	0	0
381
DF
 
 
Kike Salas

6	
0.57
4
1.418.776 €	0.75	7	185	0	0	0	0	7	0	0	9	33	0	0	1
382
MC
 
 
Loiodice

6	
0.50
3
1.303.569 €	1.00	6	128	0	0	0	3	0	0	0	4	28	0	0	0
383
MC
 
 
Benito J

6	
0.33
2
370.704 €	1.00	6	54	0	0	0	2	2	0	0	5	10	0	0	0
384
DF
 
 
Mika Marmol

6	
1.00
6
6.126.216 €	1.00	6	495	0	0	0	4	14	1	0	22	66	0	0	2
385
MC
 
 
Martín Tejón

6	
0.29
2
337.337 €	0.86	7	45	0	0	0	0	0	2	1	4	11	0	0	0
386
DL
 
 
Oyarzabal

6	
0.33
2
18.674.414 €	1.00	6	268	0	0	0	0	1	1	0	6	29	1	0	1
387
MC
 
 
Pol Lozano

6	
0.33
2
601.753 €	1.00	6	148	0	0	0	0	0	0	0	10	15	0	0	1
388
MC
 
 
Gueye

6	
0.40
2
2.141.805 €	1.20	5	215	0	0	0	0	6	0	1	14	31	0	0	1
389
PO
 
 
Padilla

6	
0.67
4
976.733 €	1.00	6	135	0	0	0	0	2	0	0	14	25	0	5	0
390
MC
 
 
A. Rebbach

6	
0.50
3
460.089 €	1.00	6	113	0	0	0	2	2	3	1	3	22	0	0	1
391
DF
 
 
Mouriño

6	
0.60
3
553.889 €	1.20	5	117	0	0	0	1	3	0	1	11	11	0	0	0
392
DL
 
 
Miovski

6	
0.40
2
3.041.971 €	1.00	5	142	0	0	0	1	1	0	0	3	5	0	0	0
393
DL
 
 
Latasa

6	
0.60
3
2.662.041 €	1.20	5	275	0	0	0	0	3	3	0	4	37	0	0	2
394
DL
 
 
Canós

6	
0.50
2
961.495 €	1.50	4	35	0	0	0	0	1	0	2	5	19	0	0	1
395
DF
 
 
Ladislav Krejcí

5	
0.43
3
4.149.196 €	0.63	7	99	0	0	0	0	3	0	1	8	15	0	0	0
396
DF
 
 
Novoa

5	
0.50
3
1.076.926 €	0.83	6	220	0	0	0	2	5	3	0	8	26	0	0	0
397
MC
 
 
Olasagasti

5	
0.29
2
460.747 €	0.63	7	62	0	0	0	0	1	1	0	3	6	0	0	0
398
DF
 
 
Aihen

5	
0.29
2
642.431 €	0.63	7	126	0	0	0	1	6	0	0	4	22	0	0	1
399
DF
 
 
Héctor Fort

5	
0.29
2
1.995.129 €	0.71	7	40	0	0	0	0	1	0	0	3	4	0	0	0
400
DL
 
 
Marcos André

5	
0.14
1
496.842 €	0.71	7	209	0	0	0	0	1	2	0	10	22	0	0	2
401
DF
 
 
Pica

5	
0.40
2
296.635 €	1.00	5	109	0	0	0	0	2	0	1	6	10	0	0	0
402
MC
 
 
Iker

4	
0.33
2
1.901.047 €	0.57	6	19	0	0	0	0	0	0	0	4	8	0	0	0
403
DL
 
 
Diao

4	
0
0
2.181.674 €	0.57	6	80	0	0	0	0	1	0	0	4	5	0	0	0
404
DF
 
 
Moussa Diarra

4	
0.29
2
927.676 €	0.57	7	245	0	0	0	1	1	0	0	9	24	0	0	0
405
DL
 
 
Marc

4	
0.33
2
799.322 €	0.67	6	16	0	0	0	0	0	0	0	1	3	0	0	0
406
DT
 
 
Carrion

4	
0
0
540.784 €	0.67	6	0	0	0	0	0	0	0	0	0	0	0	0	0
407
PO
 
 
Dmitrovic

4	
0.29
2
1.202.815 €	0.57	7	90	0	0	0	0	2	0	0	6	22	0	2	0
408
MC
 
 
Chuki

4	
0.29
2
337.675 €	0.57	7	87	0	0	0	4	0	0	0	2	9	0	0	1
409
DL
 
 
Pere Milla

4	
0.17
1
1.292.817 €	0.67	6	69	0	0	0	1	0	0	0	1	13	0	0	0
410
DF
 
 
Willy Kambwala

4	
0.67
2
2.807.342 €	1.33	3	90	0	0	0	0	5	0	0	2	11	0	0	0
411
DL
 
 
I Benito

4	
0.33
2
364.303 €	0.67	6	35	0	0	0	0	1	0	0	4	6	0	0	0
412
MC
 
 
Fermin

4	
0.67
2
10.917.831 €	1.33	3	57	0	0	0	1	0	1	0	4	6	0	0	1
413
DF
 
 
Alti

4	
0.33
2
1.348.212 €	0.67	6	105	0	0	0	0	3	2	0	11	12	0	0	0
414
DL
 
 
Jose Arnaiz

4	
0.40
2
492.471 €	0.80	5	14	0	0	1	1	0	0	0	4	4	0	0	0
415
DF
 
 
Sergi Domínguez

4	
0.50
2
418.363 €	1.00	4	88	0	0	0	0	3	0	0	5	5	0	0	0
416
DL
 
 
Iheanacho

4	
0.25
1
5.016.098 €	0.80	4	138	0	0	0	0	1	1	0	2	13	0	0	0
417
MC
 
 
James

4	
0.67
2
27.135.104 €	1.33	3	20	0	0	0	0	0	0	1	2	4	0	0	0
418
DL
 
 
Suso

4	
1.50
3
635.498 €	2.00	2	28	0	0	0	1	0	2	1	3	13	0	0	0
419
MC
 
 
Johnny

3	
0.50
2
4.003.752 €	0.60	4	46	0	0	0	0	1	0	0	4	4	0	0	0
420
DF
 
 
Manquillo

3	
0.25
1
527.352 €	0.75	4	115	0	0	0	0	5	0	0	4	8	0	0	0
421
DF
 
 
Yarek

3	
0.14
1
1.767.533 €	0.43	7	180	0	0	0	0	6	0	0	8	13	0	0	0
423
DF
 
 
Martin

3	
0.25
1
415.618 €	0.60	4	45	0	0	0	0	4	0	0	1	7	0	0	0
424
DF
 
 
Montiel

3	
0.50
1
3.898.985 €	1.50	2	2	0	0	0	0	0	0	0	1	1	0	0	0
425
DL
 
 
Martón

2	
0.17
1
621.530 €	0.33	6	19	0	0	0	0	0	0	0	0	4	0	0	0
426
DF
 
 
Aidoo

2	
0.17
1
817.433 €	0.33	6	1	0	0	0	0	0	0	0	1	2	0	0	0
427
DF
 
 
Herzog

2	
0.17
1
722.285 €	0.33	6	90	0	0	0	0	2	0	0	5	7	0	0	0
428
MC
 
 
Iker Muñoz

2	
0.50
1
4.424.914 €	1.00	2	49	0	0	0	0	1	1	0	1	10	0	0	0
429
MC
 
 
Pedro Diaz

2	
0.14
1
1.316.055 €	0.29	7	50	0	0	0	0	0	0	0	5	4	0	0	1
430
MC
 
 
Roca

2	
0.20
1
330.177 €	0.40	5	27	0	0	0	0	1	0	0	2	4	0	0	1
431
DL
 
 
Barry

2	
0
0
5.779.712 €	0.67	3	207	0	0	0	0	3	0	2	6	27	0	0	1
432
MC
 
 
Idumbo

2	
0.25
1
415.618 €	0.40	4	8	0	0	0	0	0	0	0	2	3	0	0	0
433
DF
 
 
Juan Bernat

2	
0.50
1
3.887.813 €	1.00	2	4	0	0	0	0	0	0	0	1	1	0	0	0
434
DF
 
 
Marcos Alonso

2	
1.00
2
4.395.603 €	1.00	2	100	0	0	0	0	1	0	1	3	10	0	0	0
435
DL
 
 
Adu Ares

1	
0
0
453.048 €	0.33	3	18	0	0	0	0	0	0	0	1	7	0	0	0
436
DF
 
 
Juanpe

1	
0.14
1
1.254.315 €	0.13	7	90	0	0	0	0	4	0	0	1	3	0	0	1
437
MC
 
 
Javi MC

1	
0
0
559.103 €	0.14	7	5	0	0	0	0	0	0	0	0	0	0	0	0
438
DF
 
 
Juan Cruz

1	
0.29
2
593.604 €	0.14	7	121	0	0	0	0	3	0	0	4	13	0	0	1
439
DL
 
 
Marí

1	
0
0
412.055 €	0.33	3	6	0	0	0	0	0	0	0	0	2	0	0	0
440
DF
 
 
Sinkgraven

1	
0.50
1
409.550 €	0.50	2	45	0	0	0	0	1	0	0	3	10	0	0	0
441
MC
 
 
Fabio

1	
0.25
1
449.332 €	0.25	4	45	0	0	0	0	0	0	0	3	10	0	0	0
442
DF
 
 
Javi Rodríguez

1	
0.67
2
496.509 €	0.33	3	269	0	0	0	0	2	1	0	12	35	0	0	1
443
DF
 
 
Gorka

1	
0.50
1
300.000 €	0.33	2	19	0	0	0	0	0	0	0	1	9	0	0	0
444
DF
 
 
Nastasic

1	
0.33
1
2.618.311 €	0.33	3	225	0	0	0	0	10	1	0	11	23	0	0	1
445
DL
 
 
Chiquinho

1	
0
0
3.712.804 €	0.33	3	14	0	0	0	1	0	0	0	1	10	0	0	0
446
MC
 
 
Denis Suárez

1	
0
0
674.269 €	0.50	2	12	0	0	0	0	0	0	0	1	3	0	0	0
447
DF
 
 
Odriozola

1	
0.50
1
651.707 €	0.50	2	30	0	0	0	1	1	0	0	2	10	0	0	0
448
MC
 
 
Kenedy

1	
0
0
448.649 €	0.33	3	5	0	0	0	0	0	0	0	1	3	0	0	0
449
DL
 
 
Bakambu

1	
0
0
4.099.337 €	0.50	2	21	0	0	0	0	0	0	0	0	2	0	0	0
450
MC
 
 
Fran Pérez

1	
0
0
1.061.687 €	0.50	2	28	0	0	0	0	0	0	0	3	5	0	0	0
451
DF
 
 
Eguiluz

0	
0
0
679.435 €	0.00	3	0	0	0	0	0	0	0	0	0	0	0	0	0
452
PO
 
 
Vieites

0	
0
0
333.805 €	0.00	5	0	0	0	0	0	0	0	0	0	0	0	0	0
453
DF
 
 
Domingos Duarte

0	
0
0
446.302 €	0.00	7	0	0	0	0	0	0	0	0	0	0	0	0	0
454
MC
 
 
Toni Villa

0	
0
0
1.192.437 €	0.00	1	0	0	0	0	0	0	0	0	0	0	0	0	0
455
PO
 
 
Juan Carlos

0	
0
0
977.131 €	0.00	5	0	0	0	0	0	0	0	0	0	0	0	0	0
456
PO
 
 
Rodriguez

0	
0
0
359.020 €	0.00	4	0	0	0	0	0	0	0	0	0	0	0	0	0
457
PO
 
 
Owono

0	
0
0
587.203 €	0.00	6	0	0	0	0	0	0	0	0	0	0	0	0	0
458
DL
 
 
Panichelli

0	
0
0
700.000 €	0.00	1	0	0	0	0	0	0	0	0	0	0	0	0	0
459
DF
 
 
Ristic

0	
0
0
395.276 €	0.00	1	0	0	0	0	0	0	0	0	0	0	0	0	0
460
PO
 
 
A Fernández

0	
0
0
1.775.855 €	0.00	7	0	0	0	0	0	0	0	0	0	0	0	0	0
461
MC
 
 
Ivan Gil

0	
0
0
1.445.808 €	0.00	4	0	0	0	0	0	0	0	0	0	0	0	0	0
462
PO
 
 
Dinko Horkas

0	
0
0
1.175.479 €	0.00	4	0	0	0	0	0	0	0	0	0	0	0	0	0
463
PO
 
 
Aitor Fdez.

0	
0
0
680.741 €	0.00	7	0	0	0	0	0	0	0	0	0	0	0	0	0
464
DF
 
 
Unai García

0	
0
0
479.265 €	0.00	7	0	0	0	0	0	0	0	0	0	0	0	0	0
465
PO
 
 
Stamatakis

0	
0
0
326.672 €	0.00	3	0	0	0	0	0	0	0	0	0	0	0	0	0
466
DF
 
 
Nacho Vidal

0	
0.14
1
645.200 €	0.00	7	100	0	0	0	0	4	1	0	3	10	0	0	0
467
PO
 
 
A Abajas

0	
0
0
300.000 €	0.00	6	0	0	0	0	0	0	0	0	0	0	0	0	0
468
PO
 
 
Dimitrievski

0	
0
0
3.778.133 €	0.00	7	0	0	0	0	0	0	0	0	0	0	0	0	0
469
PO
 
 
Astralaga

0	
0
0
389.165 €	0.00	6	0	0	0	0	0	0	0	0	0	0	0	0	0
470
DF
 
 
Christensen

0	
0
0
17.489.703 €	0.00	1	26	0	0	0	0	1	0	0	1	2	0	0	1
471
DF
 
 
De Zárate

0	
0.25
1
446.767 €	0.00	4	45	0	0	0	0	0	0	0	0	9	0	0	1
472
PO
 
 
Marrero

0	
0
0
393.894 €	0.00	7	0	0	0	0	0	0	0	0	0	0	0	0	0
473
DF
 
 
Aridane

0	
0
0
654.912 €	0.00	7	0	0	0	0	0	0	0	0	0	0	0	0	0
474
PO
 
 
Cuellar

0	
0
0
470.148 €	0.00	7	0	0	0	0	0	0	0	0	0	0	0	0	0
475
DF
 
 
Heyden

0	
0
0
390.401 €	0.00	4	0	0	0	0	0	0	0	0	0	0	0	0	0
476
PO
 
 
Lunin

0	
0
0
1.406.842 €	0.00	7	0	0	0	0	0	0	0	0	0	0	0	0	0
477
MC
 
 
Luna

0	
0
0
337.555 €	0.00	7	0	0	0	0	0	0	0	0	0	0	0	0	0
478
PO
 
 
Pacheco

0	
0
0
1.312.014 €	0.00	6	0	0	0	0	0	0	0	0	0	0	0	0	0
479
MC
 
 
C. De La Hoz

0	
0
0
348.990 €	0.00	3	0	0	0	0	0	0	0	0	0	0	0	0	0
480
DL
 
 
Biuk

0	
0
0
710.817 €	0.00	1	0	0	0	0	0	0	0	0	0	0	0	0	0
481
MC
 
 
Sánchez

0	
0
0
480.779 €	0.00	5	0	0	0	0	0	0	0	0	0	0	0	0	0
482
PO
 
 
Fortuño

0	
0
0
831.201 €	0.00	6	0	0	0	0	0	0	0	0	0	0	0	0	0
483
DL
 
 
Omar

0	
0
0
300.000 €	0.00	1	0	0	0	0	0	0	0	0	0	0	0	0	0
484
MC
 
 
Bauza

0	
0
0
345.260 €	0.00	4	0	0	0	0	0	0	0	0	0	0	0	0	0
485
PO
 
 
A Rafús

0	
0
0
250.000 €	0.00	1	0	0	0	0	0	0	0	0	0	0	0	0	0
486
PO
 
 
Moldovan

0	
0
0
684.796 €	0.00	1	0	0	0	0	0	0	0	0	0	0	0	0	0
487
PO
 
 
Gomis

0	
0
0
347.666 €	0.00	6	0	0	0	0	0	0	0	0	0	0	0	0	0
488
DF
 
 
Javi Galán

0	
0
0
1.516.474 €	0.00	6	0	0	0	0	0	0	0	0	0	0	0	0	0
489
DF
 
 
Kostis

0	
0
0
300.000 €	0.00	2	0	0	0	0	0	0	0	0	0	0	0	0	0
490
MC
 
 
Vermeeren

0	
0
0
2.351.996 €	0.00	1	0	0	0	0	0	0	0	0	0	0	0	0	0
491
PO
 
 
Gastesi

0	
0
0
559.919 €	0.00	1	0	0	0	0	0	0	0	0	0	0	0	0	0
492
DF
 
 
Àlex Valle

0	
0
0
1.108.916 €	0.00	1	0	0	0	0	0	0	0	0	0	0	0	0	0
493
MC
 
 
Magunazelaia

0	
0
0
454.529 €	0.00	5	0	0	0	0	0	0	0	0	0	0	0	0	0
494
DL
 
 
RDT

0	
0
0
707.277 €	0.00	5	0	0	0	0	0	0	0	0	0	0	0	0	0
495
PO
 
 
Jirí Letácek

0	
0
0
926.889 €	0.00	6	0	0	0	0	0	0	0	0	0	0	0	0	0
496
DF
 
 
Jacobo

0	
0
0
387.710 €	0.00	4	0	0	0	0	0	0	0	0	0	0	0	0	0
497
PO
 
 
André Ferreira

0	
0
0
883.623 €	0.00	6	0	0	0	0	0	0	0	0	0	0	0	0	0
498
PO
 
 
André F

0	
0
0
2.500.000 €	0.00	6	0	0	0	0	0	0	0	0	0	0	0	0	0
499
PO
 
 
Alvin

0	
0
0
296.837 €	0.00	5	0	0	0	0	0	0	0	0	0	0	0	0	0
500
DL
 
 
Nico Serrano

0	
0
0
734.715 €	0.00	4	0	0	0	0	0	0	0	0	0	0	0	0	0
501
DF
 
 
Catala

0	
0
0
333.985 €	0.00	1	0	0	0	0	0	0	0	0	0	0	0	0	0
502
PO
 
 
Fraga

0	
0
0
429.828 €	0.00	1	0	0	0	0	0	0	0	0	0	0	0	0	0
503
DF
 
 
Lenglet

0	
0
0
3.452.668 €	0.00	4	0	0	0	0	0	0	0	0	0	0	0	0	0
504
PO
 
 
Pau Lopez

0	
0
0
4.340.489 €	0.00	5	0	0	0	0	0	0	0	0	0	0	0	0	0
505
DF
 
 
Koke Mallorca

0	
0
0
326.302 €	0.00	1	0	0	0	0	0	0	0	0	0	0	0	0	0
506
DF
 
 
R Chasco

0	
0
0
347.569 €	0.00	3	0	0	0	0	0	0	0	0	0	0	0	0	0
507
PO
 
 
Raúl J

0	
0
0
441.992 €	0.00	1	0	0	0	0	0	0	0	0	0	0	0	0	0
508
DF
 
 
Rodrigo Abajas

0	
0
0
415.618 €	0.00	3	0	0	0	0	0	0	0	0	0	0	0	0	0
509
PO
 
 
Júnior R

0	
0
0
3.093.011 €	0.00	3	0	0	0	0	0	0	0	0	0	0	0	0	0
510
DF
 
 
J Porozo

0	
0
0
1.118.193 €	0.00	4	0	0	0	0	0	0	0	0	0	0	0	0	0
511
PO
 
 
Cesar Fernández

0	
0
0
488.899 €	0.00	2	0	0	0	0	0	0	0	0	0	0	0	0	0
512
PO
 
 
Matias

0	
0
0
300.000 €	0.00	1	0	0	0	0	0	0	0	0	0	0	0	0	0
513
PO
 
 
Arana

0	
0
0
342.495 €	0.00	1	0	0	0	0	0	0	0	0	0	0	0	0	0
514
DF
 
 
Lucas

0	
0
0
392.576 €	0.00	3	0	0	0	0	0	0	0	0	0	0	0	0	0
515
DF
 
 
Pau Navarro

0	
0
0
328.910 €	0.00	2	0	0	0	0	0	0	0	0	0	0	0	0	0
516
PO
 
 
Alberto F

0	
0
0
396.909 €	0.00	2	0	0	0	0	0	0	0	0	0	0	0	0	0
517
MC
 
 
P Ortiz

0	
0
0
476.641 €	0.00	3	0	0	0	0	0	0	0	0	0	0	0	0	0
518
MC
 
 
Collado

0	
0
0
415.618 €	0.00	3	0	0	0	0	0	0	0	0	0	0	0	0	0
519
DL
 
 
Allende

0	
0
0
422.999 €	0.00	1	0	0	0	0	0	0	0	0	0	0	0	0	0
520
MC
 
 
Cervi

0	
0
0
543.593 €	0.00	2	0	0	0	0	0	0	0	0	0	0	0	0	0
521
PO
 
 
Kochen

0	
0
0
500.000 €	0.00	1	0	0	0	0	0	0	0	0	0	0	0	0	0
522
DF
 
 
Maximiliano Caufriez

0	
0
0
2.505.998 €	0.00	3	0	0	0	0	0	0	0	0	0	0	0	0	0
523
MC
 
 
Januzaj

0	
0
0
1.316.188 €	0.00	1	16	0	0	0	0	0	0	0	0	5	0	0	1
524
DL
 
 
Pejiño

0	
0
0
526.921 €	0.00	1	0	0	0	0	0	0	0	0	0	0	0	0	0
525
DL
 
 
Alfon

0	
0
0
442.239 €	0.00	1	0	0	0	0	0	0	0	0	0	0	0	0	0
526
DL
 
 
Ansu Fati

0	
0
0
4.707.131 €	0.00	2	0	0	0	0	0	0	0	0	0	0	0	0	0
527
DF
 
 
Andrés Cuenca

0	
0
0
418.024 €	0.00	2	0	0	0	0	0	0	0	0	0	0	0	0	0
528
DF
 
 
De Las Sias

0	
0
0
374.245 €	0.00	1	0	0	0	0	0	0	0	0	0	0	0	0	0
529
DF
 
 
Pelayo

0	
0
0
1.375.753 €	0.00	1	0	0	0	0	0	0	0	0	0	0	0	0	0
530
MC
 
 
Coba

0	
0
0
288.666 €	0.00	1	0	0	0	0	0	0	0	0	0	0	0	0	0
531
PO
 
 
Adrián

-1	
0
0
959.829 €	-0.14	6	0	0	0	0	0	0	0	0	0	0	0	0	1
532
DF
 
 
Mateu Jaume

-1	
0
0
1.071.616 €	-0.33	3	0	0	0	0	0	0	0	0	0	0	0	0	1
533
DF
 
 
Vallejo

-1	
0
0
1.371.675 €	-0.25	4	10	0	0	0	0	1	0	0	1	2	0	0	0
534
DF
 
 
Bailly

-2	
0.20
1
3.438.757 €	-0.40	5	323	0	0	0	0	10	1	0	11	21	0	0	2
